0 53.3425  85.9507  27.4009  56.5928  96.5946  31.332  56.4234  98.3881  35.778  116.461  -282.211  42.1698  112.27  -177.208  -14.283  206.409  -108.46  -23.1101  1.00984  1.02496  0.0995312 
0.01 54.4984  83.1211  27.8205  57.7013  94.7934  31.1863  58.4731  97.2388  35.4504  114.675  -283.746  41.6689  109.495  -182.962  -14.8539  202.944  -121.624  -41.9544  1.00984  1.02496  0.0995312 
0.0284907 56.5825  77.843  28.5756  59.6847  91.3184  30.901  62.1103  94.7496  34.4128  110.579  -287.292  39.8345  105.153  -192.762  -16.0862  189.27  -147.663  -68.3399  1.00984  1.02496  0.0995312 
0.0503535 58.9363  71.5072  29.4126  61.9322  86.9848  30.5272  66.0185  91.2011  32.7031  104.543  -292.454  36.576  100.457  -203.578  -18.23  167.906  -176.238  -85.949  1.00984  1.02496  0.0995312 
0.0710783 61.0341  65.3894  30.1317  63.9662  82.6629  30.123  69.2858  87.3053  30.8327  97.7311  -298.021  32.7079  95.7516  -213.456  -20.8512  147.613  -199.01  -93.4572  1.00984  1.02496  0.0995312 
0.0965166 63.3995  57.7158  30.8949  66.3208  77.0822  29.5464  72.7472  81.9424  28.4096  87.9923  -305.338  27.1651  89.2147  -225.247  -24.5556  124.984  -221.811  -96.2416  1.00984  1.02496  0.0995312 
0.130822 66.1604  47.0696  31.6825  69.2081  69.0898  28.6109  76.5655  73.8966  25.1176  72.5226  -315.278  18.5505  78.793  -240.603  -30.0592  98.2143  -246.302  -95.1287  1.00984  1.02496  0.0995312 
0.173741 68.7935  33.2916  32.2197  72.261  58.3683  27.163  80.1273  62.7818  21.1158  49.5271  -326.386  6.21562  62.9298  -258.81  -37.5083  68.1422  -270.763  -91.1237  1.00984  1.02496  0.0995312 
0.228962 70.5909  14.9779  32.0784  75.0609  43.4769  24.8097  82.8558  47.105  16.2529  14.7035  -335.708  -11.6326  37.4923  -280.036  -47.8525  30.5489  -296.052  -84.8941  1.00984  1.02496  0.0995312 
0.301942 69.8065  -9.58381  30.3162  76.2924  22.1863  20.7877  83.1668  24.5333  10.3925  -36.7062  -334.469  -36.6907  -5.58197  -301.943  -62.5038  -23.2047  -320.804  -75.3344  1.00984  1.02496  0.0995312 
0.366022 66.0128  -30.579  27.289  74.4852  2.46937  16.363  79.9844  3.54566  5.91373  -81.0343  -318.555  -57.3441  -52.0177  -311.538  -75.5195  -77.2924  -332.286  -63.6413  1.00984  1.02496  0.0995312 
0.406299 62.2377  -43.0956  24.7475  71.748  -10.0855  13.1642  76.1255  -9.8638  3.55773  -105.913  -302.276  -68.5838  -84.1439  -310.923  -83.222  -114.734  -332.516  -52.6642  1.00984  1.02496  0.0995312 
0.436575 58.7761  -52.0299  22.5578  68.8273  -19.4406  10.5625  72.2062  -19.8742  2.13353  -122.418  -287.618  -75.8996  -108.787  -306.471  -88.5791  -144.369  -327.999  -40.6711  1.00984  1.02496  0.0995312 
0.457894 56.0539  -58.0428  20.8904  66.325  -25.9214  8.63573  68.8991  -26.805  1.38831  -132.791  -276.362  -80.4383  -125.889  -301.238  -92.1693  -166.001  -321.691  -28.5269  1.00984  1.02496  0.0995312 
0.473347 53.9482  -62.2478  19.6241  64.2862  -30.5404  7.19125  66.2093  -31.7259  1.03833  -139.65  -267.833  -83.4139  -137.928  -296.444  -94.8056  -182.232  -314.787  -16.0579  1.00984  1.02496  0.0995312 
0.484395 52.3798  -65.1725  18.6915  62.716  -33.7946  6.1327  64.1298  -35.1675  0.925999  -144.215  -261.583  -85.383  -146.257  -292.602  -96.8562  -194.288  -307.842  -3.60207  1.00984  1.02496  0.0995312 
0.493042 51.1181  -67.4129  17.9469  61.424  -36.3111  5.28739  62.4076  -37.7983  0.950155  -147.592  -256.618  -86.8343  -152.568  -289.468  -98.7218  -204.105  -300.204  9.938  1.00984  1.02496  0.0995312 
0.500439 50.0161  -69.2952  17.3002  60.276  -38.4425  4.55012  60.866  -39.9855  1.08082  -150.347  -252.328  -88.0147  -157.806  -286.87  -100.717  -212.777  -290.48  26.4184  1.00984  1.02496  0.0995312 
0.506512 49.0964  -70.8169  16.7628  59.3048  -40.1791  3.93208  59.5522  -41.7136  1.29792  -152.518  -248.78  -88.9426  -162.016  -285.08  -102.931  -219.784  -277.417  46.4338  1.00984  1.02496  0.0995312 
0.510884 48.4262  -71.8989  16.3725  58.5898  -41.4236  3.47744  58.5817  -42.8939  1.54479  -154.03  -246.213  -89.588  -165.079  -284.394  -105.177  -223.867  -260.982  67.8659  1.00984  1.02496  0.0995312 
0.513725 47.9872  -72.5961  16.1174  58.1178  -42.2318  3.17589  57.9439  -43.6116  1.76408  -154.99  -244.539  -89.9974  -167.221  -284.655  -107.174  -224.661  -242.654  87.4586  1.00984  1.02496  0.0995312 
0.515938 47.6435  -73.1356  15.918  57.7458  -42.8625  2.93668  57.4489  -44.1244  1.97875  -155.726  -243.234  -90.3108  -169.188  -285.756  -109.176  -222.038  -218.952  107.397  1.00984  1.02496  0.0995312 
0.517698 47.3689  -73.563  15.7588  57.4462  -43.3672  2.74283  57.0636  -44.4847  2.18417  -156.303  -242.193  -90.5568  -171.28  -287.816  -111.055  -214.433  -187.783  126.26  1.00984  1.02496  0.0995312 
0.519164 47.1395  -73.9172  15.6259  57.1934  -43.7911  2.57898  56.7593  -44.7314  2.38042  -156.779  -241.326  -90.7594  -173.916  -291.083  -112.502  -198.798  -145.773  140.781  1.00984  1.02496  0.0995312 
0.519326 47.114  -73.9564  15.6112  57.1651  -43.8385  2.56069  56.7272  -44.7546  2.40339  -156.832  -241.23  -90.7817  -174.298  -291.573  -112.615  -196.14  -139.795  141.907  1.00984  1.02496  0.0995312 
0.519489 47.0885  -73.9956  15.5964  57.1367  -43.8859  2.54238  56.6955  -44.7769  2.42653  -156.884  -241.134  -90.804  -174.704  -292.093  -112.71  -193.232  -133.507  142.84  1.00984  1.02496  0.0995312 
0.519493 47.0878  -73.9967  15.596  57.136  -43.8872  2.54187  56.6947  -44.7775  2.42718  -156.886  -241.131  -90.8046  -174.716  -292.108  -112.712  -193.147  -133.326  142.863  1.00984  1.02496  0.0995312 
0.519494 47.0877  -73.9969  15.5959  57.1358  -43.8874  2.5418  56.6945  -44.7775  2.42727  -156.886  -241.13  -90.8047  -174.718  -292.11  -112.712  -193.135  -133.301  142.866  1.00984  1.02496  0.0995312 
0.519494 47.0876  -73.9969  15.5959  57.1358  -43.8875  2.54176  56.6945  -44.7776  2.42732  -156.886  -241.13  -90.8048  -174.719  -292.111  -112.712  -193.128  -133.287  142.868  1.00984  1.02496  0.0995312 
0.519494 47.0876  -73.997  15.5959  57.1358  -43.8876  2.54174  56.6944  -44.7776  2.42734  -156.886  -241.13  -90.8048  -174.719  -292.112  -112.713  -193.125  -133.281  142.868  1.00984  1.02496  0.0995312 
0.519494 47.0876  -73.997  15.5959  57.1357  -43.8876  2.54173  56.6944  -44.7776  2.42735  -156.886  -241.13  -90.8048  -174.719  -292.112  -112.713  -193.124  -133.278  142.869  1.00984  1.02496  0.0995312 
0.519494 47.0876  -73.997  15.5959  57.1357  -43.8876  2.54173  56.6944  -44.7776  2.42736  -156.886  -241.13  -90.8048  -174.719  -292.112  -112.713  -193.123  -133.277  142.869  1.00984  1.02496  0.0995312 
0.519494 47.0876  -73.997  15.5959  57.1357  -43.8876  2.54173  56.6944  -44.7776  2.42736  -156.886  -241.13  -90.8048  -174.719  -292.112  -112.713  -193.123  -133.276  142.869  1.00984  1.02496  0.0995312 
0.519494 47.0876  -73.997  15.5959  57.1357  -43.8876  2.54173  56.6944  -44.7776  2.42736  -156.886  -241.13  -90.8048  -174.719  -292.112  -112.713  -193.123  -133.276  142.869  1.00984  1.02496  0.0995312 
0.519495 47.0876  -73.9971  15.5959  57.1357  -43.8876  2.54171  56.6944  -44.7776  2.42739  -156.886  -241.13  -90.8048  -174.719  -292.112  -112.713  -193.122  -133.274  142.869  1.00984  1.02496  0.0995312 
0.519495 47.0874  -73.9973  15.5958  57.1356  -43.8879  2.54161  56.6942  -44.7778  2.42751  -156.886  -241.129  -90.8049  -174.721  -292.113  -112.713  -193.117  -133.262  142.871  1.00984  1.02496  0.0995312 
0.519501 47.0866  -73.9985  15.5953  57.1346  -43.8894  2.54103  56.6932  -44.7785  2.42825  -156.888  -241.126  -90.8056  -174.727  -292.117  -112.714  -193.087  -133.193  142.879  1.00984  1.02496  0.0995312 
0.519532 47.0818  -74.006  15.5925  57.1292  -43.8985  2.53754  56.6872  -44.7826  2.43267  -156.898  -241.108  -90.8099  -174.768  -292.14  -112.719  -192.909  -132.777  142.928  1.00984  1.02496  0.0995312 
0.519717 47.0526  -74.0508  15.5756  57.0967  -43.9528  2.51659  56.6515  -44.807  2.45926  -156.958  -240.998  -90.8354  -175.017  -292.28  -112.745  -191.803  -130.265  143.149  1.00984  1.02496  0.0995312 
0.520833 46.8774  -74.3192  15.4742  56.9007  -44.2792  2.39088  56.4417  -44.944  2.61848  -157.316  -240.337  -90.9875  -176.603  -293.075  -112.609  -184.178  -115.645  141.486  1.00984  1.02496  0.0995312 
0.522462 46.6206  -74.71  15.3258  56.6109  -44.7574  2.2082  56.1516  -45.1184  2.84039  -157.834  -239.371  -91.2078  -179.017  -293.684  -111.429  -171.963  -99.8963  128.989  1.00984  1.02496  0.0995312 
0.523167 46.5093  -74.8786  15.2615  56.4844  -44.9643  2.12994  56.0321  -45.1873  2.92842  -158.056  -238.953  -91.3023  -180.015  -293.651  -110.633  -167.133  -96.1141  120.653  1.00984  1.02496  0.0995312 
0.523401 46.4722  -74.9346  15.2401  56.4421  -45.0332  2.10402  55.9931  -45.2098  2.95639  -158.13  -238.814  -91.3336  -180.332  -293.599  -110.349  -165.672  -95.2722  117.679  1.00984  1.02496  0.0995312 
0.52348 46.4598  -74.9533  15.2329  56.4281  -45.0562  2.0954  55.9802  -45.2172  2.96555  -158.154  -238.767  -91.344  -180.436  -293.578  -110.253  -165.206  -95.0358  116.68  1.00984  1.02496  0.0995312 
0.523506 46.4557  -74.9595  15.2305  56.4234  -45.0638  2.09253  55.9759  -45.2197  2.96858  -158.163  -238.752  -91.3475  -180.47  -293.57  -110.221  -165.053  -94.9618  116.346  1.00984  1.02496  0.0995312 
0.523514 46.4543  -74.9616  15.2298  56.4218  -45.0663  2.09157  55.9744  -45.2205  2.96959  -158.165  -238.747  -91.3487  -180.482  -293.567  -110.211  -165.002  -94.9376  116.235  1.00984  1.02496  0.0995312 
0.523523 46.453  -74.9636  15.229  56.4202  -45.0689  2.09062  55.973  -45.2213  2.97059  -158.168  -238.741  -91.3498  -180.493  -293.565  -110.2  -164.952  -94.9138  116.124  1.00984  1.02496  0.0995312 
0.523529 46.452  -74.965  15.2284  56.4192  -45.0706  2.08996  55.972  -45.2219  2.97128  -158.17  -238.738  -91.3506  -180.501  -293.563  -110.193  -164.917  -94.8975  116.048  1.00984  1.02496  0.0995312 
0.52353 46.4519  -74.9653  15.2283  56.419  -45.071  2.08984  55.9718  -45.222  2.97141  -158.17  -238.737  -91.3508  -180.502  -293.563  -110.192  -164.911  -94.8945  116.034  1.00984  1.02496  0.0995312 
0.52353 46.4518  -74.9654  15.2283  56.4189  -45.071  2.08982  55.9718  -45.222  2.97143  -158.17  -238.737  -91.3508  -180.503  -293.563  -110.191  -164.91  -94.894  116.031  1.00984  1.02496  0.0995312 
0.52353 46.4518  -74.9654  15.2283  56.4189  -45.071  2.08981  55.9718  -45.222  2.97144  -158.17  -238.737  -91.3508  -180.503  -293.563  -110.191  -164.909  -94.8938  116.03  1.00984  1.02496  0.0995312 
0.52353 46.4518  -74.9654  15.2283  56.4189  -45.071  2.08981  55.9718  -45.222  2.97145  -158.17  -238.737  -91.3508  -180.503  -293.563  -110.191  -164.909  -94.8937  116.03  1.00984  1.02496  0.0995312 
0.52353 46.4518  -74.9654  15.2283  56.4189  -45.0711  2.08981  55.9718  -45.222  2.97145  -158.17  -238.737  -91.3508  -180.503  -293.563  -110.191  -164.909  -94.8937  116.03  1.00984  1.02496  0.0995312 
0.52353 46.4518  -74.9654  15.2283  56.4189  -45.0711  2.08981  55.9718  -45.222  2.97145  -158.17  -238.737  -91.3508  -180.503  -293.563  -110.191  -164.909  -94.8937  116.03  1.00984  1.02496  0.0995312 
0.52353 46.4518  -74.9654  15.2283  56.4189  -45.0711  2.08981  55.9718  -45.222  2.97145  -158.17  -238.737  -91.3508  -180.503  -293.563  -110.191  -164.909  -94.8936  116.03  1.00984  1.02496  0.0995312 
0.52353 46.4518  -74.9654  15.2283  56.4189  -45.0711  2.0898  55.9718  -45.222  2.97145  -158.17  -238.737  -91.3508  -180.503  -293.563  -110.191  -164.908  -94.8934  116.028  1.00984  1.02496  0.0995312 
0.523531 46.4518  -74.9654  15.2283  56.4189  -45.0711  2.08978  55.9717  -45.2221  2.97148  -158.17  -238.737  -91.3508  -180.503  -293.563  -110.19  -164.904  -94.8919  116.02  1.00984  1.02496  0.0995312 
0.523532 46.4516  -74.9657  15.2282  56.4186  -45.0715  2.08964  55.9715  -45.2222  2.97162  -158.171  -238.736  -91.351  -180.507  -293.563  -110.186  -164.881  -94.8831  115.973  1.00984  1.02496  0.0995312 
0.523539 46.4504  -74.9675  15.2275  56.4173  -45.0736  2.08883  55.9703  -45.2229  2.97247  -158.173  -238.732  -91.352  -180.526  -293.564  -110.158  -164.742  -94.8308  115.687  1.00984  1.02496  0.0995312 
0.523583 46.4434  -74.978  15.2235  56.4093  -45.0866  2.08398  55.9631  -45.227  2.97753  -158.187  -238.706  -91.3579  -180.639  -293.568  -109.993  -163.917  -94.5304  113.985  1.00984  1.02496  0.0995312 
0.523848 46.4016  -75.0411  15.1993  56.3615  -45.1642  2.05501  55.9203  -45.2519  3.00637  -158.27  -238.549  -91.3931  -181.279  -293.549  -109.042  -159.361  -93.1687  104.14  1.00984  1.02496  0.0995312 
0.524978 46.2224  -75.3105  15.0959  56.1552  -45.4959  1.93374  55.7485  -45.3565  3.1032  -158.623  -237.877  -91.543  -183.43  -292.905  -105.64  -145.886  -93.1205  68.9025  1.00984  1.02496  0.0995312 
0.526267 46.0178  -75.6164  14.9778  55.9177  -45.8724  1.79956  55.5663  -45.4795  3.17215  -159.021  -237.111  -91.7123  -185.153  -291.657  -102.832  -137.977  -98.3303  39.7734  1.00984  1.02496  0.0995312 
0.527851 45.7655  -75.9914  14.8323  55.6231  -46.3332  1.63866  55.3516  -45.6418  3.21402  -159.507  -236.169  -91.9185  -186.74  -289.937  -100.412  -133.661  -106.557  14.6285  1.00984  1.02496  0.0995312 
0.530174 45.3942  -76.5383  14.6185  55.1871  -47.0037  1.40837  55.0437  -45.9029  3.21752  -160.21  -234.786  -92.2166  -188.584  -287.464  -98.068  -132.139  -117.995  -9.77858  1.00984  1.02496  0.0995312 
0.532627 45.0002  -77.1126  14.3919  54.7223  -47.706  1.16986  54.7186  -46.2052  3.17145  -160.939  -233.323  -92.5261  -190.266  -285.031  -96.4475  -133.09  -128.054  -26.6757  1.00984  1.02496  0.0995312 
0.535615 44.518  -77.8071  14.1149  54.151  -48.5535  0.883828  54.3175  -46.6029  3.06958  -161.811  -231.54  -92.8958  -192.156  -282.292  -95.1082  -135.59  -137.757  -40.6159  1.00984  1.02496  0.0995312 
0.539409 43.9021  -78.6811  13.7616  53.4177  -49.6182  0.525371  53.7958  -47.144  2.89134  -162.892  -229.274  -93.3538  -194.442  -279.072  -93.9501  -139.492  -147.085  -52.5611  1.00984  1.02496  0.0995312 
0.544258 43.109  -79.7858  13.3075  52.4679  -50.9619  0.0724229  53.1067  -47.8793  2.61005  -164.232  -226.372  -93.921  -197.268  -275.223  -92.9349  -144.74  -155.701  -62.7674  1.00984  1.02496  0.0995312 
0.5505 42.0786  -81.1872  12.719  51.2255  -52.6652  -0.504671  52.1824  -48.8766  2.1892  -165.888  -222.632  -94.6217  -200.797  -270.526  -92.0156  -151.368  -163.28  -71.4683  1.00984  1.02496  0.0995312 
0.558572 40.7313  -82.9648  11.9517  49.5867  -54.8252  -1.24372  50.9274  -50.2216  1.58042  -167.918  -217.789  -95.4803  -205.2  -264.678  -91.1326  -159.476  -169.443  -78.8393  1.00984  1.02496  0.0995312 
0.569014 38.9649  -85.2063  10.9492  47.4154  -57.5503  -2.19038  49.2107  -52.0162  0.722635  -170.362  -211.521  -96.5143  -210.618  -257.286  -90.2028  -169.191  -173.717  -84.992  1.00984  1.02496  0.0995312 
0.582379 36.6687  -87.9797  9.65113  44.5568  -60.9264  -3.38862  46.8724  -54.3535  -0.449038  -173.202  -203.504  -97.7183  -217.064  -247.926  -89.1131  -180.536  -175.515  -89.9433  1.00984  1.02496  0.0995312 
0.598832 33.7931  -91.2468  8.03239  40.9255  -64.9109  -4.84361  43.7968  -57.2351  -1.9616  -176.281  -193.661  -99.0286  -224.208  -236.448  -87.7434  -193.1  -174.283  -93.5894  1.00984  1.02496  0.0995312 
0.621081 29.8309  -95.4081  5.8119  35.8424  -69.9995  -6.77356  39.3308  -61.0594  -4.07556  -179.764  -180.428  -100.527  -232.455  -220.993  -85.7029  -207.983  -168.938  -96.0769  1.00984  1.02496  0.0995312 
0.650747 24.4424  -100.501  2.8053  28.8132  -76.2532  -9.27086  32.9074  -65.9158  -6.94182  -183.321  -162.978  -102.093  -240.977  -200.703  -82.5824  -224.444  -157.908  -96.7582  1.00984  1.02496  0.0995312 
0.690234 17.1366  -106.485  -1.25684  19.1391  -83.6622  -12.4396  23.7013  -71.7982  -10.731  -186.429  -140.165  -103.538  -248.279  -174.821  -77.8053  -240.813  -139.561  -94.7031  1.00984  1.02496  0.0995312 
0.74329 7.1846  -113.125  -6.7811  5.84193  -92.0784  -16.3802  10.5386  -78.4912  -15.6064  -188.37  -110.307  -104.544  -251.908  -143.095  -70.6384  -253.752  -112.615  -88.5849  1.00984  1.02496  0.0995312 
0.819361 -7.16122  -119.936  -14.7392  -13.2164  -101.457  -21.345  -9.00178  -85.623  -21.8944  -188.433  -69.0444  -104.364  -247.526  -104.944  -59.9081  -257.46  -75.6036  -76.3095  1.00984  1.02496  0.0995312 
0.921524 -26.3393  -124.287  -25.2486  -37.6564  -110.101  -26.7832  -34.7589  -91.1615  -28.7698  -186.997  -16.8574  -100.575  -228.89  -66.3957  -47.1063  -244.194  -34.6603  -58.3707  1.00984  1.02496  0.0995312 
1.01961 -44.6354  -123.694  -34.7177  -58.8285  -115.191  -30.9736  -57.6362  -93.0387  -33.7115  -186.186  27.7785  -91.4767  -201.661  -38.3344  -39.245  -221.232  -5.04214  -42.8042  1.00984  1.02496  0.0995312 
1.1223 -63.7004  -118.826  -43.3334  -77.8448  -117.755  -34.8397  -78.9101  -92.3149  -37.3927  -184.716  65.1462  -75.2464  -168.375  -11.4963  -37.0256  -192.62  17.9539  -29.4132  1.00984  1.02496  0.0995312 
1.21289 -80.2376  -111.808  -49.3368  -91.7814  -117.662  -38.2526  -95.1477  -89.9748  -39.6226  -179.473  88.2609  -56.9487  -139.792  13.9079  -38.6096  -165.679  32.9772  -20.237  1.00984  1.02496  0.0995312 
1.29685 -94.9114  -103.756  -53.3839  -102.525  -115.45  -41.5698  -107.98  -86.7509  -41.0479  -169.128  102.61  -39.6069  -116.737  38.8836  -40.2165  -139.854  43.2757  -14.1301  1.00984  1.02496  0.0995312 
1.39927 -111.301  -92.5985  -56.4444  -113.235  -109.924  -45.6906  -120.645  -81.8499  -42.2771  -149.902  114.567  -20.6583  -93.0856  68.6978  -39.6995  -107.242  51.7287  -10.7879  1.00984  1.02496  0.0995312 
1.46023 -120.024  -85.4413  -57.3967  -118.522  -105.226  -48.0589  -126.574  -78.5921  -42.9583  -136.057  120.076  -10.7266  -80.4478  85.2442  -37.8025  -87.2084  54.9624  -12.0933  1.00984  1.02496  0.0995312 
1.51112 -126.633  -79.2282  -57.7443  -122.356  -100.555  -49.9241  -130.582  -75.7397  -43.6634  -123.584  124.034  -3.00574  -70.2783  98.2224  -35.3895  -70.3462  57.132  -16.1623  1.00984  1.02496  0.0995312 
1.56187 -132.575  -72.8457  -57.7086  -125.668  -95.2578  -51.6447  -133.735  -72.7773  -44.6628  -110.465  127.391  4.37545  -60.2549  110.421  -32.3114  -54.1133  59.8373  -23.8881  1.00984  1.02496  0.0995312 
1.61202 -137.776  -66.388  -57.3109  -128.441  -89.4316  -53.1763  -136.086  -69.6644  -46.1299  -96.8086  129.975  11.4338  -50.32  121.794  -28.6681  -40.1419  64.8543  -35.0618  1.00984  1.02496  0.0995312 
1.66218 -142.273  -59.8226  -56.5695  -130.713  -83.0506  -54.5111  -137.823  -66.2073  -48.1879  -82.379  131.676  18.0111  -40.2626  132.558  -24.463  -29.7074  73.5688  -46.6111  1.00984  1.02496  0.0995312 
1.70569 -145.575  -54.0731  -55.6751  -132.273  -77.0884  -55.4879  -138.958  -62.813  -50.3699  -69.3324  132.566  22.9671  -31.4052  141.473  -20.3748  -22.5191  82.3449  -52.8997  1.00984  1.02496  0.0995312 
1.74458 -148.041  -48.9052  -54.7066  -133.339  -71.4349  -56.2037  -139.697  -59.4884  -52.4714  -57.4461  133.144  26.7368  -23.3936  149.186  -16.379  -15.1158  88.0282  -54.6152  1.00984  1.02496  0.0995312 
1.78348 -150.042  -43.7163  -53.6015  -134.092  -65.4846  -56.758  -140.092  -56.0233  -54.5859  -45.4655  133.653  30.0236  -15.3687  156.758  -12.0719  -4.51585  89.2217  -53.8016  1.00984  1.02496  0.0995312 
1.80841 -151.08  -40.3804  -52.8287  -134.412  -61.5159  -57.023  -140.09  -53.8254  -55.9115  -37.7452  133.952  31.9514  -10.3176  161.628  -9.16711  5.2386  86.5545  -52.4356  1.00984  1.02496  0.0995312 
1.83002 -151.823  -37.483  -52.1209  -134.589  -57.9766  -57.1934  -139.857  -52.0076  -57.0259  -31.0193  134.189  33.5382  -6.14193  165.957  -6.60123  17.0645  81.0911  -50.5262  1.00984  1.02496  0.0995312 
1.84736 -152.313  -35.1553  -51.5288  -134.669  -55.0683  -57.2902  -139.449  -50.6618  -57.8802  -25.5946  134.357  34.764  -3.12405  169.601  -4.59414  30.8184  73.6148  -47.7232  1.00984  1.02496  0.0995312 
1.86109 -152.635  -33.3097  -51.045  -134.698  -52.7189  -57.3433  -138.922  -49.7073  -58.5081  -21.2761  134.476  35.7084  -1.20331  172.671  -3.18631  47.0708  64.9662  -43.1846  1.00984  1.02496  0.0995312 
1.87183 -152.846  -31.8644  -50.6574  -134.706  -50.8501  -57.3731  -138.32  -49.054  -58.937  -17.8809  134.557  36.4321  -0.298225  175.193  -2.43504  66.2654  56.4483  -35.7536  1.00984  1.02496  0.0995312 
1.87822 -152.953  -31.0048  -50.4234  -134.707  -49.7263  -57.3881  -137.848  -48.7101  -59.1416  -15.8552  134.6  36.8562  -0.199815  176.673  -2.33531  82.3334  51.3748  -27.6514  1.00984  1.02496  0.0995312 
1.88396 -153.039  -30.2323  -50.2108  -134.709  -48.709  -57.4022  -137.324  -48.4251  -59.269  -14.0305  134.636  37.2332  -0.520989  177.838  -2.67947  101.068  48.385  -15.8337  1.00984  1.02496  0.0995312 
1.88893 -153.105  -29.5624  -50.0247  -134.713  -47.8224  -57.4174  -136.773  -48.1837  -59.311  -12.4445  134.664  37.5571  -1.14708  178.472  -3.51646  120.951  49.5551  0.014425  1.00984  1.02496  0.0995312 
1.8939 -153.163  -28.8928  -49.8372  -134.721  -46.935  -57.4383  -136.118  -47.9194  -59.2573  -10.8557  134.689  37.8779  -1.93154  178.343  -5.02202  142.512  58.4816  22.7954  1.00984  1.02496  0.0995312 
1.89899 -153.214  -28.2083  -49.6439  -134.732  -46.0316  -57.469  -135.345  -47.5726  -59.0689  -9.2278  134.713  38.2026  -2.3093  176.959  -7.12149  160.239  80.404  51.9087  1.00984  1.02496  0.0995312 
1.90296 -153.248  -27.6733  -49.4917  -134.74  -45.3325  -57.5006  -134.695  -47.2041  -58.8178  -7.95264  134.729  38.4542  -1.754  175.042  -8.68556  165.375  106.067  73.9117  1.00984  1.02496  0.0995312 
1.90692 -153.277  -27.1387  -49.3386  -134.744  -44.6422  -57.5372  -134.044  -46.7276  -58.4898  -6.67597  134.743  38.7035  -0.301258  172.903  -9.69301  161.296  133.953  90.2139  1.00984  1.02496  0.0995312 
1.91144 -153.304  -26.5309  -49.1634  -134.741  -43.8672  -57.5819  -133.342  -46.0585  -58.0575  -5.22163  134.757  38.9845  2.06736  170.855  -9.9863  149.318  161.634  100.017  1.00984  1.02496  0.0995312 
1.9161 -153.325  -25.9026  -48.981  -134.725  -43.0742  -57.6277  -132.68  -45.2528  -57.5826  -3.71509  134.769  39.2722  4.75357  169.461  -9.5708  134.539  182.714  102.798  1.00984  1.02496  0.0995312 
1.92225 -153.341  -25.0732  -48.7382  -134.685  -42.0345  -57.6834  -131.908  -44.0688  -56.9543  -1.72127  134.78  39.6477  8.12301  168.583  -8.4561  116.929  200.504  100.715  1.00984  1.02496  0.0995312 
1.92924 -153.346  -24.1307  -48.4594  -134.616  -40.8567  -57.7373  -131.147  -42.6227  -56.2669  0.551315  134.789  40.0688  11.5114  168.417  -6.92291  101.571  211.975  95.7095  1.00984  1.02496  0.0995312 
1.93764 -153.329  -22.9992  -48.121  -134.504  -39.4416  -57.7875  -130.352  -40.8091  -55.4902  3.28946  134.792  40.5666  15.059  168.815  -5.04212  88.6608  219.324  89.4329  1.00984  1.02496  0.0995312 
1.94809 -153.277  -21.591  -47.694  -134.326  -37.6733  -57.8283  -129.485  -38.491  -54.592  6.7128  134.785  41.1751  18.9513  169.719  -2.7906  78.2461  223.854  82.7634  1.00984  1.02496  0.0995312 
1.96164 -153.156  -19.7637  -47.1305  -134.038  -35.3628  -57.8472  -128.483  -35.4357  -53.5169  11.181  134.759  41.947  23.5029  171.141  -0.0346411  70.3255  226.459  76.1782  1.00984  1.02496  0.0995312 
1.97956 -152.902  -17.3495  -46.3699  -133.566  -32.2785  -57.8168  -127.275  -31.3646  -52.2095  17.1324  134.695  42.9384  29.0734  173.113  3.40568  65.2463  227.702  70.1753  1.00984  1.02496  0.0995312 
2.00293 -152.411  -14.2036  -45.3519  -132.805  -28.2041  -57.6867  -125.778  -26.0387  -50.6315  24.9761  134.559  44.1855  36.0006  175.593  7.70412  63.5203  228.003  65.332  1.00984  1.02496  0.0995312 
2.03167 -151.552  -10.3395  -44.0607  -131.651  -23.1167  -57.3908  -123.933  -19.4894  -48.8048  34.7603  134.309  45.6549  44.3541  178.356  12.8762  65.428  227.649  62.1682  1.00984  1.02496  0.0995312 
2.06818 -150.053  -5.44373  -42.3611  -129.837  -16.549  -56.8011  -121.445  -11.1954  -46.5677  47.4222  133.854  47.4306  54.9974  181.309  19.4383  71.3731  226.588  60.7525  1.00984  1.02496  0.0995312 
2.11517 -147.434  0.826855  -40.0814  -126.926  -7.96023  -55.6867  -117.843  -0.600278  -43.7061  64.1394  133.017  49.5903  69.014  184.091  28.0374  82.4425  224.206  61.4092  1.00984  1.02496  0.0995312 
2.17598 -142.856  8.87184  -36.9844  -122.158  3.29894  -53.6331  -112.299  12.8891  -39.8846  86.5795  131.436  52.2272  87.9553  185.778  39.5779  100.451  218.92  64.5817  1.00984  1.02496  0.0995312 
2.25501 -134.811  19.1434  -32.7271  -114.183  17.9475  -49.8877  -103.296  29.7684  -34.5491  117.346  128.275  55.5  114.188  184.162  55.3605  128.065  207.261  70.6917  1.00984  1.02496  0.0995312 
2.35954 -120.271  32.2171  -26.7008  -100.306  36.7411  -42.9561  -87.8067  50.1962  -26.6832  161.622  121.167  59.8246  151.871  173.586  77.4542  168.737  181.39  79.8094  1.00984  1.02496  0.0995312 
2.50869 -90.8897  48.9317  -17.2873  -73.3694  60.1491  -28.9931  -58.3314  72.9961  -13.9412  234.619  99.9736  66.5536  209.702  134.724  109.585  224.878  118.943  90.0018  1.00984  1.02496  0.0995312 
2.59327 -69.0586  56.4824  -11.4851  -54.2775  69.9758  -19.0155  -38.2428  81.0129  -6.22865  282.343  76.6099  70.6418  241.145  95.1095  125.85  248.563  68.8835  91.6866  1.00984  1.02496  0.0995312 
2.66616 -46.8965  60.982  -6.21452  -35.85  75.2589  -9.43477  -19.6622  84.2171  0.393706  325.772  44.608  73.8793  263.372  47.5945  136.231  259.47  17.9441  89.3636  1.00984  1.02496  0.0995312 
2.72223 -27.7427  62.5519  -2.01523  -20.7343  76.6713  -1.67256  -5.07478  84.0271  5.28655  356.465  9.80091  75.8117  274.843  1.30772  139.794  259.478  -25.2256  84.7339  1.00984  1.02496  0.0995312 
2.77079 -9.94544  62.1432  1.69824  -7.24287  75.6175  5.08878  7.37763  81.8477  9.26143  374.433  -27.6407  77.065  280.087  -45.6542  137.68  252.098  -64.8526  78.6511  1.00984  1.02496  0.0995312 
2.81936 8.36144  59.7913  5.46095  6.41047  72.1765  11.5963  19.2797  77.6949  12.8977  376.296  -69.683  77.7072  281.599  -96.231  129.258  236.616  -106.57  70.8542  1.00984  1.02496  0.0995312 
2.86352 24.7088  55.8593  8.87787  18.8105  66.9283  17.0433  29.2738  72.1013  15.8527  361.487  -107.903  76.6642  279.087  -140.848  116.726  214.604  -147.291  62.9209  1.00984  1.02496  0.0995312 
2.91191 41.526  49.7379  12.5128  32.1234  59.0332  22.2775  38.8939  63.7911  18.7147  331.975  -143.653  73.2572  270.029  -184.334  98.9991  181.581  -197.484  56.2995  1.00984  1.02496  0.0995312 
2.93524 49.0752  46.2205  14.1968  38.3461  54.5169  24.4732  42.9155  58.8691  20.0265  314.91  -157.459  71.0487  263.08  -202.422  89.0436  162.949  -224.81  56.8735  1.00984  1.02496  0.0995312 
2.95857 56.2148  42.4076  15.8269  44.3874  49.6051  26.4246  46.4976  53.2814  21.4156  296.97  -168.998  68.6632  254.467  -218.195  78.0305  144.384  -254.515  63.4995  1.00984  1.02496  0.0995312 
2.98 62.3974  38.6902  17.2739  49.7396  44.7949  27.9786  49.441  47.5247  22.9116  280.191  -177.772  66.412  244.891  -230.527  66.8827  131.622  -282.835  77.4902  1.00984  1.02496  0.0995312 
3.00084 68.0672  34.909  18.6353  54.7302  39.8802  29.2534  52.1391  41.3652  24.7203  263.886  -184.829  64.2299  233.666  -240.841  55.4164  129.318  -307.125  96.2769  1.00984  1.02496  0.0995312 
3.01814 72.5167  31.6678  19.7311  58.6823  35.6459  30.1314  54.4231  35.9251  26.5043  250.5  -189.715  62.4529  223.039  -248.529  46.1848  135.584  -320.52  108.895  1.00984  1.02496  0.0995312 
3.03544 76.7363  28.3488  20.7965  62.4451  31.2846  30.8564  56.8417  30.3146  28.4421  237.32  -193.832  60.7165  211.918  -255.491  37.7832  143.803  -327.056  113.705  1.00984  1.02496  0.0995312 
3.05714 81.7094  24.0954  22.0908  66.8936  25.6578  31.5726  60.0372  23.1864  30.8831  221.139  -198.068  58.5908  198.21  -262.873  28.414  149.601  -329.224  109.895  1.00984  1.02496  0.0995312 
3.07873 86.3145  19.7807  23.3335  71.032  19.9182  32.0939  63.2703  16.0828  33.1605  205.469  -201.438  56.5102  185.22  -268.445  19.9957  148.908  -328.435  100.505  1.00984  1.02496  0.0995312 
3.1051 91.4871  14.4247  24.7901  75.7168  12.776  32.4953  67.1186  7.45515  35.6318  186.973  -204.649  53.9643  170.258  -272.83  10.5955  142.19  -325.681  86.8035  1.00984  1.02496  0.0995312 
3.14157 97.8578  6.89908  26.6922  81.5709  2.7743  32.666  72.0563  -4.32025  38.4531  162.656  -207.854  50.3092  151.062  -274.967  -0.952227  128.084  -319.718  68.1752  1.00984  1.02496  0.0995312 
3.18391 104.181  -1.95584  28.7262  87.5299  -8.83734  32.3796  77.099  -17.667  40.9242  136.436  -210.224  45.6978  130.772  -272.835  -12.183  110.144  -310.401  49.0519  1.00984  1.02496  0.0995312 
3.23757 110.683  -13.2798  31.0071  93.9183  -23.2921  31.416  82.4285  -33.9519  42.9974  106.483  -211.52  39.1993  107.806  -265.169  -23.1518  88.9343  -296.218  28.9386  1.00984  1.02496  0.0995312 
3.30479 116.717  -27.4846  33.3474  100.302  -40.6634  29.5192  87.6271  -53.2147  44.2465  73.9357  -210.668  30.3417  82.7824  -251.111  -32.5911  66.5276  -276.735  9.08973  1.00984  1.02496  0.0995312 
3.38106 121.131  -43.4194  35.2678  105.67  -59.1181  26.7602  91.9001  -73.4602  44.2522  42.7206  -206.717  20.0261  58.6803  -232.595  -39.167  46.3644  -254.206  -8.16434  1.00984  1.02496  0.0995312 
3.49229 123.735  -65.8864  36.6783  110.545  -83.4304  22.1016  95.773  -99.9489  42.2568  5.52463  -196.525  5.49027  30.1268  -204.578  -43.8473  24.537  -222.377  -26.6511  1.00984  1.02496  0.0995312 
3.63177 121.848  -92.1098  36.2546  112.728  -109.565  15.8661  97.792  -128.323  37.338  -30.984  -178.752  -11.2934  2.40035  -170.431  -44.8739  5.65965  -184.88  -42.8841  1.00984  1.02496  0.0995312 
3.79052 114.305  -118.601  33.0639  111.087  -133.675  8.92277  97.4713  -154.446  29.4496  -62.4937  -154.447  -28.6414  -22.129  -133.675  -42.0129  -8.73733  -144.504  -55.7216  1.00984  1.02496  0.0995312 
3.99074 98.8188  -146.145  25.2853  104.049  -156.015  1.24619  94.4214  -178.334  17.129  -90.0522  -120.158  -48.8485  -47.5784  -89.8759  -33.8845  -21.0353  -93.7747  -66.4982  1.00984  1.02496  0.0995312 
4.14203 84.1877  -162.234  16.7775  95.4609  -167.201  -3.21707  90.6221  -189.452  6.66258  -101.976  -92.2338  -63.5731  -66.1474  -58.1975  -24.7003  -29.3728  -52.5353  -71.3933  1.00984  1.02496  0.0995312 
4.25423 72.5364  -171.353  9.04659  87.1921  -172.457  -5.53763  86.9028  -193.486  -1.4529  -104.704  -70.0241  -74.1249  -81.6699  -35.6829  -16.5452  -37.373  -18.8645  -72.8802  1.00984  1.02496  0.0995312 
4.33765 63.872  -176.455  2.56332  79.8227  -174.769  -6.66258  83.4564  -193.948  -7.50947  -102.309  -52.0283  -81.0798  -95.4047  -19.9308  -10.544  -45.6894  7.97493  -71.9223  1.00984  1.02496  0.0995312 
4.42107 55.5944  -179.973  -4.41663  71.198  -175.822  -7.34441  79.1967  -192.152  -13.3721  -95.3558  -31.8452  -85.655  -111.849  -5.5952  -6.30499  -56.94  34.85  -68.111  1.00984  1.02496  0.0995312 
4.47893 50.281  -181.365  -9.39404  64.3575  -175.886  -7.68485  75.6372  -189.632  -17.1956  -88.034  -15.9893  -85.8431  -124.741  3.21403  -5.94882  -66.2413  51.9761  -63.8987  1.00984  1.02496  0.0995312 
4.53503 45.5653  -181.792  -14.129  57.0035  -175.488  -8.08461  71.6556  -186.293  -20.6517  -80.1263  1.02102  -82.2903  -137.351  10.8363  -8.92508  -75.7595  66.789  -59.3077  1.00984  1.02496  0.0995312 
4.60993 39.9031  -180.808  -19.9158  46.1704  -174.316  -9.07816  65.5041  -180.62  -24.867  -71.877  25.4362  -71.1031  -150.922  20.5209  -18.5767  -88.4557  84.3486  -53.3196  1.00984  1.02496  0.0995312 
4.67372 35.4101  -178.521  -24.0389  36.3283  -172.714  -10.6148  59.5215  -174.795  -28.1147  -69.8534  46.11  -57.9036  -156.629  30.0382  -29.7395  -99.0795  98.1646  -48.5333  1.00984  1.02496  0.0995312 
4.73752 30.8902  -174.953  -27.3058  26.305  -170.431  -12.8561  52.8649  -168.105  -31.0605  -72.4867  65.5028  -44.7469  -156.822  41.9952  -40.1847  -109.599  111.518  -43.7976  1.00984  1.02496  0.0995312 
4.82028 24.6097  -168.552  -30.4004  13.5033  -166.185  -16.6097  43.234  -158.167  -34.4165  -79.6746  88.9527  -30.6787  -151.83  61.2214  -49.6575  -123.069  128.617  -37.1487  1.00984  1.02496  0.0995312 
4.90305 17.6781  -160.242  -32.4809  1.24857  -160.208  -20.9399  32.5119  -146.81  -37.1742  -87.786  111.91  -20.0752  -143.993  83.6696  -54.2361  -135.832  145.91  -29.2153  1.00984  1.02496  0.0995312 
4.98205 10.4585  -150.508  -33.7381  -9.78506  -152.676  -25.2723  21.3504  -134.603  -39.125  -94.7973  134.731  -11.9746  -135.136  107.321  -54.908  -146.353  163.337  -19.8309  1.00984  1.02496  0.0995312 
5.07843 0.97957  -136.082  -34.4607  -22.2238  -140.843  -30.4462  6.77902  -117.725  -40.3658  -101.512  165.252  -3.06023  -122.641  138.697  -51.7861  -155.09  187.707  -5.29305  1.00984  1.02496  0.0995312 
5.19423 -11.0618  -114.541  -34.1599  -35.3985  -122.422  -35.9744  -11.351  -93.8964  -39.7001  -105.508  208.196  8.6812  -104.114  180.187  -42.6872  -155.788  225.941  18.0611  1.00984  1.02496  0.0995312 
5.29513 -21.616  -91.2914  -32.6262  -44.8893  -102.254  -39.6532  -26.4938  -68.9062  -36.5233  -102.163  254.347  22.6024  -83.0432  220.21  -29.2557  -141.063  271.594  46.5753  1.00984  1.02496  0.0995312 
5.36938 -28.8561  -70.9043  -30.4223  -50.3407  -84.7315  -41.3253  -36.0348  -47.2339  -32.0372  -91.0902  296.128  37.7474  -63.007  252.13  -15.0795  -112.429  313.042  75.7127  1.00984  1.02496  0.0995312 
5.42767 -33.6703  -52.5392  -27.7451  -53.4593  -69.2729  -41.7987  -41.4789  -28.0065  -26.7927  -71.9743  334.882  55.1839  -43.2882  278.383  -0.609268  -70.7957  345.976  105.226  1.00984  1.02496  0.0995312 
5.48596 -36.9071  -31.7807  -23.8279  -55.2887  -52.272  -41.3231  -43.8109  -7.12497  -19.684  -35.1318  377.559  80.9293  -18.4613  304.838  17.6359  -4.93239  366.855  138.849  1.00984  1.02496  0.0995312 
5.52169 -37.5385  -17.8501  -20.5678  -55.6236  -41.1015  -40.4578  -43.0886  5.98552  -14.3769  2.07947  401.459  102.34  0.224739  320.375  31.1375  46.2863  364.628  157.633  1.00984  1.02496  0.0995312 
5.55681 -36.6129  -3.46377  -16.5457  -55.2452  -29.5986  -39.101  -40.5409  18.5269  -8.59124  53.0115  415.122  127.06  21.9194  334.236  46.4758  98.4169  346.804  170.602  1.00984  1.02496  0.0995312 
5.59197 -33.6808  11.076  -11.6435  -54.0368  -17.6422  -37.1642  -36.24  30.1923  -2.48012  114.68  407.754  151.138  47.5271  345.446  64.1136  144.767  314.961  175.709  1.00984  1.02496  0.0995312 
5.6253 -28.9053  24.2085  -6.3193  -51.9932  -6.00423  -34.718  -30.8165  40.0694  3.35501  169.978  376.621  166.634  75.7135  351.945  82.9817  178.877  276.783  173.291  1.00984  1.02496  0.0995312 
5.65767 -22.7309  35.7025  -0.816662  -49.0535  5.41273  -31.7129  -24.6237  48.3852  8.84941  208.649  332.452  171.873  106.421  352.418  102.918  202.316  236.909  165.438  1.00984  1.02496  0.0995312 
5.69815 -13.6921  47.9916  6.0992  -43.9189  19.5118  -27.0269  -16.0253  56.9644  15.2473  234.285  275.575  168.53  147.471  341.916  128.523  220.853  187.225  149.662  1.00984  1.02496  0.0995312 
5.73799 -4.14643  57.9813  12.662  -37.2537  32.7006  -21.4358  -6.99158  63.482  20.7998  242.79  227.387  160.492  186.332  317.814  151.413  231.774  140.285  127.847  1.00984  1.02496  0.0995312 
5.76688 2.8789  64.1181  17.206  -31.5115  41.535  -16.8621  -0.201155  67.0629  24.1979  242.883  198.178  154.101  210.393  292.869  164.612  238.413  107.891  106.297  1.00984  1.02496  0.0995312 
5.78937 8.31827  68.3468  20.6193  -26.6032  47.8735  -13.0695  5.23473  69.2235  26.3442  240.584  178.284  149.59  225.594  270.58  172.307  245.67  84.8124  83.3789  1.00984  1.02496  0.0995312 
5.80639 12.3878  71.261  23.1398  -22.6834  52.327  -10.0996  9.48811  70.5443  27.5726  237.588  164.372  146.808  234.85  252.835  176.575  255.169  71.4911  59.9442  1.00984  1.02496  0.0995312 
5.81892 15.3488  73.2587  24.9702  -19.7025  55.4142  -7.87031  12.7537  71.4112  28.1932  234.599  154.236  145.208  240.448  239.584  178.903  266.472  68.2045  38.5404  1.00984  1.02496  0.0995312 
5.82875 17.6394  74.7331  26.3908  -17.3223  57.7164  -6.10616  15.4277  72.1003  28.4845  231.778  145.922  144.07  244.139  229.224  180.275  278.441  73.6132  20.956  1.00984  1.02496  0.0995312 
5.83857 19.9009  76.1229  27.799  -14.9087  59.9172  -4.33037  18.2267  72.8896  28.6175  228.734  136.989  142.576  247.257  218.955  181.278  291.388  88.7213  7.31021  1.00984  1.02496  0.0995312 
5.84561 21.5047  77.0644  28.798  -13.1602  61.4338  -3.05156  20.3071  73.5678  28.6514  226.665  130.32  140.961  249.158  211.676  181.786  298.827  104.209  3.27434  1.00984  1.02496  0.0995312 
5.85263 23.089  77.9559  29.78  -11.4058  62.8941  -1.77449  22.4208  74.3556  28.677  224.879  123.786  138.813  250.792  204.517  182.13  302.934  120.068  4.91099  1.00984  1.02496  0.0995312 
5.86017 24.779  78.8645  30.8169  -9.50831  64.4081  -0.399846  24.7099  75.3169  28.7359  223.296  117.223  136.073  252.274  196.942  182.332  303.421  134.12  11.2669  1.00984  1.02496  0.0995312 
5.86774 26.4627  79.7281  31.835  -7.59555  65.8693  0.9794  26.9967  76.37  28.8525  221.959  111.261  133.147  253.494  189.486  182.372  300.901  143.578  19.6942  1.00984  1.02496  0.0995312 
5.87895 28.941  80.9307  33.3036  -4.74544  67.933  3.02315  30.3357  78.0233  29.1434  220.175  103.448  128.878  254.85  178.714  182.161  294.425  150.081  31.9246  1.00984  1.02496  0.0995312 
5.8923 31.868  82.2569  34.9931  -1.33399  70.2371  5.45262  34.2097  80.0365  29.651  218.062  95.283  124.155  255.837  166.354  181.54  285.603  150.397  43.4736  1.00984  1.02496  0.0995312 
5.90597 34.8315  83.5064  36.6585  2.1643  72.4264  7.92624  38.0513  82.068  30.3057  215.777  87.7693  119.735  256.23  154.275  180.552  276.936  146.569  51.8656  1.00984  1.02496  0.0995312 
5.92342 38.5717  84.961  38.703  6.63667  74.9912  11.0644  42.7971  84.5646  31.2781  212.65  78.9875  114.543  255.971  139.684  178.867  266.912  139.159  58.9773  1.00984  1.02496  0.0995312 
5.95063 44.2864  86.9382  41.717  13.5801  78.5024  15.8869  49.8691  88.1735  32.9772  207.401  66.5939  107.145  254.239  118.819  175.538  253.346  126.053  65.1994  1.00984  1.02496  0.0995312 
5.98651 51.5961  89.0609  45.3986  22.6346  82.32  22.0932  58.6776  92.3883  35.3906  199.991  52.0242  98.2011  250.243  94.5792  170.313  238.067  109.086  68.7232  1.00984  1.02496  0.0995312 
6.0297 60.0322  90.9662  49.4216  33.3113  85.8531  29.3018  68.6077  96.6905  38.388  190.571  36.5349  88.1988  243.972  69.7587  163.431  222.101  90.4823  69.6802  1.00984  1.02496  0.0995312 
6.08468 70.1649  92.4902  53.9379  46.484  88.9499  38.0421  80.3146  101.078  42.197  177.911  19.3124  76.2004  235.197  43.846  154.562  204.123  69.6166  68.6082  1.00984  1.02496  0.0995312 
6.15653 82.3109  93.1637  58.8688  62.9921  91.1067  48.7533  94.2135  105.212  47.0261  159.753  -0.0610307  61.0997  224.696  17.4088  143.809  183.127  46.026  65.6308  1.00984  1.02496  0.0995312 
6.20035 89.0361  92.9274  61.3452  72.7323  91.5792  54.9264  101.977  106.943  49.855  146.837  -10.5884  51.916  220.263  4.51772  138.061  171.309  33.1754  63.4573  1.00984  1.02496  0.0995312 
6.23597 94.0467  92.406  63.0612  80.5494  91.5764  59.7683  107.915  107.949  52.0826  133.984  -18.6204  44.4488  219.18  -4.46994  133.843  162.147  23.4075  61.605  1.00984  1.02496  0.0995312 
6.26213 97.399  91.8445  64.1553  86.3036  91.3817  63.2292  112.071  108.472  53.6761  121.723  -24.2772  39.3114  221.297  -10.3191  130.652  155.648  16.5731  60.2182  1.00984  1.02496  0.0995312 
6.2835 99.8629  91.2779  64.9596  91.0813  91.1137  65.9854  115.342  108.768  54.9507  108.157  -28.7176  36.3074  226.615  -14.7183  127.02  150.476  11.1888  59.0759  1.00984  1.02496  0.0995312 
6.30487 101.979  90.62  65.7364  96.0301  90.7531  68.6293  118.503  108.951  56.2008  88.6891  -32.7333  37.7056  237.826  -19.0812  119.179  145.425  5.97567  57.9301  1.00984  1.02496  0.0995312 
6.31536 102.847  90.2681  66.1557  98.568  90.5404  69.8405  120.016  109.001  56.8058  76.3713  -34.2471  42.9869  246.076  -21.5211  110.847  142.99  3.47712  57.3683  1.00984  1.02496  0.0995312 
6.32586 103.581  89.9036  66.6603  101.196  90.2993  70.9348  121.504  109.024  57.4049  63.8354  -35.0706  54.4096  254.56  -24.545  96.4922  140.584  1.01868  56.8093  1.00984  1.02496  0.0995312 
6.33633 104.202  89.536  67.3216  103.89  90.0228  71.8395  122.965  109.022  57.9971  55.9557  -34.9646  72.765  258.481  -28.3862  75.3399  138.213  -1.39678  56.2566  1.00984  1.02496  0.0995312 
6.34485 104.676  89.2402  68.0122  106.081  89.7664  72.4007  124.133  109.002  58.4743  56.4934  -34.4827  89.1811  254.84  -31.8339  56.691  136.31  -3.3344  55.8131  1.00984  1.02496  0.0995312 
6.35335 105.178  88.9487  68.8288  108.212  89.4819  72.8144  125.284  108.966  58.9469  62.3036  -34.1955  102.153  246.023  -35.0275  41.4562  134.43  -5.24792  55.3769  1.00984  1.02496  0.0995312 
6.36314 105.831  88.6133  69.8766  110.56  89.1236  73.159  126.589  108.904  59.4864  71.172  -34.4462  110.959  233.74  -38.0639  29.9732  132.292  -7.42999  54.8832  1.00984  1.02496  0.0995312 
6.3734 106.606  88.2559  71.0386  112.895  88.7197  73.4283  127.935  108.816  60.0469  79.5187  -35.2939  114.86  221.816  -40.5941  23.209  130.078  -9.69718  54.3747  1.00984  1.02496  0.0995312 
6.38404 107.489  87.8736  72.2681  115.2  88.2755  73.6531  129.308  108.7  60.6231  86.0953  -36.5609  115.668  211.515  -42.7579  19.4036  127.81  -12.0319  53.8552  1.00984  1.02496  0.0995312 
6.40078 108.991  87.2424  74.1926  118.63  87.5353  73.9496  131.418  108.468  61.5176  92.7484  -38.9236  113.956  198.995  -45.6307  16.4062  124.305  -15.6687  53.0516  1.00984  1.02496  0.0995312 
6.42103 110.917  86.4233  76.4636  122.541  86.5799  74.2614  133.893  108.107  62.5823  96.8681  -41.9805  110.157  187.779  -48.6593  14.5535  120.158  -20.0253  52.0912  1.00984  1.02496  0.0995312 
6.44325 113.092  85.4532  78.8592  126.604  85.4649  74.5684  136.513  107.609  63.728  98.5794  -45.3371  105.473  178.319  -51.6761  13.1196  115.726  -24.7548  51.0401  1.00984  1.02496  0.0995312 
6.47034 115.765  84.1708  81.6391  131.305  84.0182  74.9017  139.577  106.861  65.0933  98.4993  -49.3053  99.7709  169.023  -55.0759  11.485  110.482  -30.4564  49.7441  1.00984  1.02496  0.0995312 
6.50438 119.089  82.4113  84.917  136.887  82.0756  75.2562  143.228  105.704  66.758  96.5898  -54.0326  92.9065  159.28  -59.0196  9.32035  104.137  -37.5164  48.0672  1.00984  1.02496  0.0995312 
6.54798 123.219  79.9308  88.7856  143.593  79.3998  75.5983  147.599  103.874  68.8051  92.628  -59.658  84.6147  148.521  -63.6347  6.33395  96.3812  -46.3816  45.7971  1.00984  1.02496  0.0995312 
6.60605 128.413  76.2657  93.3952  151.842  75.5415  75.845  152.91  100.846  71.3704  86.0704  -66.4471  74.2583  135.816  -69.1316  2.1355  86.6487  -57.826  42.4991  1.00984  1.02496  0.0995312 
6.69593 135.644  69.8721  99.3885  163.238  68.9908  75.739  160.062  94.8874  74.9353  74.6829  -75.5654  59.2788  118.051  -76.4116  -4.49235  72.7075  -74.5574  36.6825  1.00984  1.02496  0.0995312 
6.80428 142.954  61.175  104.882  174.944  60.31  74.826  167.09  85.7986  78.4787  60.1798  -84.6566  42.2826  98.2358  -83.5593  -12.3094  57.1917  -92.8452  28.5251  1.00984  1.02496  0.0995312 
6.94772 150.176  48.326  109.397  187.24  47.7763  72.3506  173.889  70.9498  81.6995  40.4339  -94.0287  20.8001  73.4059  -90.8184  -22.087  37.7069  -113.483  16.1193  1.00984  1.02496  0.0995312 
7.138 155.316  29.5638  110.714  198.173  29.8275  66.9975  178.602  47.2699  83.0532  13.3936  -102.465  -6.877  41.639  -97.2915  -33.9827  11.5825  -134.096  -2.10987  1.00984  1.02496  0.0995312 
7.3616 154.579  6.04106  105.553  203.35  7.59285  57.967  177.455  15.531  80.121  -20.486  -106.944  -39.3651  4.61048  -100.882  -46.5527  -22.7919  -147.847  -23.999  1.00984  1.02496  0.0995312 
7.59873 145.037  -19.1936  92.0278  199.682  -16.3137  45.4966  166.963  -19.9428  71.8455  -61.0338  -104.476  -75.0144  -35.9155  -99.8609  -58.3583  -67.3964  -148.789  -45.3453  1.00984  1.02496  0.0995312 
7.78875 129.893  -38.2766  74.9336  189.6  -34.8734  33.6082  150.105  -47.2751  61.7451  -99.5366  -94.966  -105.175  -70.6504  -94.766  -66.5615  -111.373  -136.576  -60.8724  1.00984  1.02496  0.0995312 
7.94863 110.942  -52.2652  56.0136  175.801  -49.4286  22.489  128.937  -67.4506  50.9199  -138.875  -78.2586  -131.614  -102.45  -86.636  -72.3346  -154.17  -113.57  -75.0028  1.00984  1.02496  0.0995312 
8 103.437  -56.0854  49.0323  170.26  -53.7903  18.7318  120.645  -73.0254  46.9324  -153.455  -70.1827  -140.159  -113.327  -83.0789  -73.9068  -168.661  -103.209  -80.3098  1.00984  1.02496  0.0995312 
